DangerType: Thunder
Clouds: 0.08695652
Grime: 0.1956522
Palette: 148
EffectColorA: 1
EffectColorB: 18
Effects: SandPuffs-0.4673913-20-20, SandStorm-1-30-30, LightBurn-0.0326087-40-40, GRJGoldenFlakes-0.09782609-50-50, Fog-0.1630435-60-60, 
PlacedObjects: CustomDecal><-159.9625><-55.05356><-74~485~284~748~211~-17~320~-314~0~1~0~GS_GoldRust~0.2065217~1~0.2065217~1~0.2065217~1~0.2065217~1, LightSource><-187.4497><387.0115><0.2391304~Environment~594~-154~50~86.60254~0~1, CustomDecal><242.0909><-4.378723><-82~482~520~489~522~-71~-355~-364~0.6956522~1~0~OrangeCat~0.3152174~0.6630435~0.3152174~0.6630435~0.3152174~0.6630435~0.3152174~0.6630435, CustomDecal><35.63208><-56.08847><-223~683~566~751~413~2~-148~-315~0~1~0~RF_Sand~0.1630435~1~0.1630435~1~0.1630435~1~0.1630435~1, CustomDecal><693.0546><-79.2926><-93~353~516~380~523~10~-360~-283~0~1~0~RF_Sand~0.2065217~1~0.2065217~1~0.2065217~1~0.2065217~1, CustomDecal><542.1871><360.6899><-28~479~616~463~633~-107~-397~-735~0~1~0~RF_Sand~0.1630435~1~0.1630435~1~0.1630435~1~0.1630435~1, CustomDecal><892.3053><-77.79568><-199~764~213~702~327~-61~-348~-247~0~1~0~GS_GoldRust~0.1521739~1~0.1521739~1~0.1521739~1~0.1521739~1, InsectGroup><171.1943><202.0474><1~124~0~0~Ant~0.2500002, InsectGroup><741.1982><154.9432><1~111~0~0~Ant~0.2717391, NoSpearStickZone><477.9176><252.1091><1~130, LightSource><-181.3852><-72.64731><0.3369565~Environment~542~453~50~86.60254~1~1, 
FadePalette: 107, 0.9130435
