DangerType: None
Clouds: 0.4130435
Grime: 0
Palette: 149
EffectColorA: 1
EffectColorB: 14
Effects: LightBurn-0.09782609-20-20, ZeroG-0.326087-125-141, AboveCloudsView-1-40-40, GRJGoldenFlakes-0.08695652-30-30, 
PlacedObjects: LightSource><891.9489><407.0215><0.173913~Environment~-671~96~-306~-330.3975~0~1, CustomDecal><2051.736><55.80043><-235~754~266~770~229~1~-692~-293~0~1~0~GS_GoldRust~0.2173913~1~0.2173913~1~0.2173913~1~0.2173913~1, CustomDecal><140.6613><59.82074><-68~749~589~576~327~-2~-303~-19~0~1~0~GS_GoldRust~0.3586957~1~0.3586957~1~0.3586957~1~0.3586957~1, CustomDecal><540.3818><61.40042><-123~766~387~760~387~-6~-624~55~0~1~0~GS_GoldRust~0.3695652~1~0.3695652~1~0.3695652~1~0.3695652~1, LightSource><546.3217><436.4093><0.2934783~Environment~432~199~-96~-267.3975~0~1, NoLeviathanStrandingZone><1689.841><458.0721><-198~48, NoLeviathanStrandingZone><1860.548><749.3058><-15~48, NoLeviathanStrandingZone><1356.699><553.2703><-2~63, NoLeviathanStrandingZone><1419.396><245.6367><-47~78, NoLeviathanStrandingZone><1688.169><168.3937><6~88, NoLeviathanStrandingZone><1847.833><236.9321><-6~45, NoLeviathanStrandingZone><2449.962><474.4463><-289~73, NoLeviathanStrandingZone><2065.193><278.1962><2~80, GRJLeviathanPushBack><2315.86><490.893><-113~-4, CustomDecal><895.9695><57.30234><-155~684~363~588~266~-5~-1060~-173~0~1~0~GS_GoldRust~0.4565217~1~0.4565217~1~0.4565217~1~0.4565217~1, CustomDecal><404.0736><147.0943><1~680~-483~666~-454~68~-106~-376~0~1~0~RF_Sand~0.2608696~1~0.2608696~1~0.2608696~1~0.2608696~1, LightSource><1912.969><516.0524><0.3369565~Environment~-674~61~170~-390.3975~0~1, CustomDecal><1510.557><298.9482><-110~435~419~447~303~-237~-134~-523~0~1~0~GS_GoldRust~0.3478261~1~0.3478261~1~0.3478261~1~0.3478261~1, CustomDecal><1923.131><80.58905><-98~729~527~722~388~-13~-460~-318~0~1~0~GS_GoldRust~0.2934783~1~0.2934783~1~0.2934783~1~0.2934783~1, CustomDecal><1387.776><53.44833><-136~401~305~334~464~-3~3~-292~0~1~0~RF_Sand~0.2934783~1~0.2934783~1~0.2934783~1~0.2934783~1, CustomDecal><2184.687><211.5702><-102~615~446~614~560~-39~-476~-429.8604~0~1~0~RF_Sand~0.2934783~1~0.2934783~1~0.2934783~1~0.2934783~1, CustomDecal><233.0071><561.3001><-12~277~250~251~203~-7~239~-792~0~1~0~GS_GoldRust~0.1630435~1~0.1630435~1~0.1630435~1~0.1630435~1, NoLeviathanStrandingZone><889.8009><476.9813><0~63, NoLeviathanStrandingZone><643.1583><467.3223><-5~46, NoLeviathanStrandingZone><404.0729><360.9071><0~100, NoLeviathanStrandingZone><990.1237><179.5928><-187~37, NoLeviathanStrandingZone><652.3456><103.3243><-6~67, NoLeviathanStrandingZone><445.4412><162.3086><8~27, NoLeviathanStrandingZone><73.901><425.8811><290~60, NoLeviathanStrandingZone><337.6411><733.1417><5~72, NoLeviathanStrandingZone><1163.604><637.8292><-4~52, GRJLeviathanPushBack><1694.968><393.5507><-2~115, 
FadePalette: 148, 0.1086956, 0.1086956
