DangerType: None
Clouds: 0.5
Grime: 0
Palette: 149
EffectColorB: 14
Effects: LightBurn-0.06521739-20-20, ZeroG-0.2717391-30-30, GRJGoldenFlakes-0.05434782-40-40, 
PlacedObjects: LightSource><465.4495><437.7634><0.0326087~Environment~626~-558~-314~-205.3975~0~1, LightSource><1002.298><493.6942><0.2826087~Environment~-892~138~-293~-507.3975~0~1, LightSource><277.4443><716.0472><0.2608696~Environment~731~-277~50~86.60254~0~1, CustomDecal><543.9366><105.0719><-114~705~514~705~444~-48~-746~-34.99998~0~1~0~GS_GoldRust~0.4782609~1~0.4782609~1~0.4782609~1~0.4782609~1, DangleFruit><594.3002><163.9912><-395~-151~2~3, DangleFruit><612.9507><88.19386><0~0~2~3, CustomDecal><208.6005><55.67293><-160~601~384~473~218~9~596~-300~0~1~0~GS_GoldRust~0.5~1~0.5~1~0.5~1~0.5~1, 
FadePalette: 148, 0.326087
