DangerType: None
Clouds: 0.3478261
Grime: 0
Palette: 149
EffectColorA: 13
EffectColorB: 14
Effects: ZeroG-0.3043478-20-20, AboveCloudsView-1-30-30, LightBurn-0.07608695-40-40, 
PlacedObjects: CustomDecal><419.9233><50.56531><-61~687~777~682~599~-2~2~-290~0~1~0~GS_GoldRust~0.1630435~1~0.1630435~1~0.1630435~1~0.1630435~1, CustomDecal><391.8052><385.3078><-111~431~385~426~256~-189~-194~-627~0~1~0~GS_GoldRust~0.2934783~1~0.2934783~1~0.2934783~1~0.2934783~1, CustomDecal><38.91473><109.3866><-1~681~411~630~416~-42~379~-348~0~1~0~RF_Sand~0.1630435~1~0.1630435~1~0.1630435~1~0.1630435~1, CustomDecal><38.57806><495.3522><1~350~499~373~458~-118~377~-737~0~1~0~RF_Sand~0.2717391~1~0.2717391~1~0.2717391~1~0.2717391~1, CustomDecal><699.6955><55.19241><-130~292~693~442~667~-5~-611~-296~0~1~0~GS_GoldRust~0.3152174~1~0.3152174~1~0.3152174~1~0.3152174~1, CustomDecal><27.96661><308.0528><-31~125~297~151~278~-59~422~-549~0~0.07608695~0~Fat Tag~0.4130435~0.25~0.4130435~0.25~0.4130435~0.25~0.4130435~0.25, CustomDecal><1092.108><69.33157><-99~743~307~722~202~-14~-524~-303~0~1~0~GS_GoldRust~0.2826087~1~0.2826087~1~0.2826087~1~0.2826087~1, CustomDecal><1394.676><64.31421><-81~347~984~589~662~-7~-221~-298~0~1~0~GS_GoldRust~0.3043478~1~0.3043478~1~0.3043478~1~0.3043478~1, CustomDecal><1458.432><382.4171><-23~410~725~444~665~-163~-892~-628~0~1~0~RF_Sand~0.2608696~1~0.2608696~1~0.2608696~1~0.2608696~1, CustomDecal><2139.415><54.06912><-178~550~283~570~248~-9~-833~-272~0~1~0~GS_GoldRust~0.2826087~1~0.2826087~1~0.2826087~1~0.2826087~1, CustomDecal><1772.2><209.7403><-8~-187~421~-221~414~61~-388~-427~0~1~0~RF_Sand~0.2282609~1~0.2282609~1~0.2282609~1~0.2282609~1, LightSource><1500.141><281.6077><0.423913~Environment~462~292~-27~-279.3975~1~1, LightSource><2207.528><385.9481><0.3913043~Environment~-380~99~50~86.60254~1~1, LightSource><780.0687><574.8122><0.3913043~Environment~-476~54~-97~-575.3975~1~1, NoLeviathanStrandingZone><1870.148><587.6721><0~72, NoLeviathanStrandingZone><1580.101><542.9227><0~52, NoLeviathanStrandingZone><2364.635><824.3975><-40~-97, NoLeviathanStrandingZone><1858.396><172.8292><-146~52, NoLeviathanStrandingZone><1486.449><174.0152><0~95, NoLeviathanStrandingZone><1185.663><146.4301><-4~74, NoLeviathanStrandingZone><2224.448><281.2245><-113~18, NoLeviathanStrandingZone><1219.627><656.8455><151~-16, NoLeviathanStrandingZone><900.1037><606.671><-101~63, NoLeviathanStrandingZone><653.9103><442.3805><-2~83, NoLeviathanStrandingZone><518.1063><213.1391><0~86, NoLeviathanStrandingZone><499.58><590.1833><-7~41, NoLeviathanStrandingZone><94.19653><439.037><256~-205, NoLeviathanStrandingZone><138.4355><687.8107><131~66, NoLeviathanStrandingZone><851.8301><153.0667><-86~89, NoLeviathanStrandingZone><1052.004><335.2><-3~83, NoLeviathanStrandingZone><1629.818><315.0618><-7~36, DangleFruit><266.6493><264.9228><0~0~4~6, DangleFruit><235.9374><218.6801><0~0~2~3, 
FadePalette: 80, 0.2826087, 0.2065217
