Template: NONE
Grime: 0.173913
Palette: 102
EffectColorA: 9
EffectColorB: 1
Effects: LightBurn-0.05434782-20-20, 
PlacedObjects: LightBeam><569.8997><144.077><-67~537~248~557~260~-9~-734~92~0.8130434~0~0~1, CustomDecal><372.5719><14.40906><29~669~682~699~573~-64~-422~-11~0~1~0~RustB3~0.2934783~0.3804348~0.2934783~0.3804348~0.2934783~0.3804348~0.2934783~0.3804348, CustomDecal><226.338><127.8827><-198~357~644~554~796~-174~-269~-15~0~1~0~BadSkin~0.1195652~1~0.1195652~1~0.1195652~1~0.1195652~1, LightSource><295.7069><361.8047><0.04347826~Environment~113~189~-259~108.6025~1~1, LightSource><651.3058><406.7976><0.09782609~Environment~207~208~50~86.60254~1~1, 
FadePalette: 103, 0.6304348
