Template: NONE
Grime: 0.09782609
Palette: 148
EffectColorB: 13
PlacedObjects: CustomDecal><39.33484><180.8873><-115~541~952~549~921~16~75~-496~0~1~0.2608696~GS_GoldRust~0.1413043~1~0.1630435~1~0.1304348~1~0.4347826~1, CustomDecal><413.8657><-44.91312><-404~315~1024~519~1000~-78~-38~-276~0~1~0~GS_GoldRust~0.1413043~1~0.1195652~1~0.2173913~1~0.4565217~1, CustomDecal><426.4496><342.0118><-99~421~648~416~799~-155~201~-650~0~1~0~GS_GoldRust~0.2608696~1~0.2608696~1~0.2608696~1~0.2608696~1, CustomDecal><887.1002><-40.86746><-92~758~1363~767~1359~-20~99~-256~0~1~0~GS_GoldRust~0.1630435~1~0.2717391~1~0.3695652~1~0.3586957~1, CustomDecal><1684.16><-49.07156><-363~774~587~764~618~-25~-448~-243~0~1~0~GS_GoldRust~0.173913~1~0.1304348~1~0.1521739~1~0.09782609~1, LightSource><1890.313><721.6792><0.1521739~Environment~-1008~-763~-143~-780.3975~1~1, LightSource><1303.646><708.3638><0.1521739~Environment~581~-530~190~-765.3975~1~1, LightSource><-138.6851><143.0759><0.1521739~Environment~1192~-322~-2.000015~-225.3975~1~1, NoLeviathanStrandingZone><400.7454><585.7><-338~-190, NoLeviathanStrandingZone><238.8028><195.4996><-86~84, NoLeviathanStrandingZone><1637.45><210.4867><-71~181, NoLeviathanStrandingZone><1991.947><259.0369><190~-95, NoLeviathanStrandingZone><1399.426><267.0595><-266~132, NoLeviathanStrandingZone><1765><532.7><-157~29, NoLeviathanStrandingZone><1132.556><654.7017><-254~-23, NoLeviathanStrandingZone><1033.869><256.1514><-127~203, GRJLeviathanPushBack><215.8589><348.1002><-87~-87, GRJLeviathanPushBack><508.2935><499.0737><-77~-78, GRJLeviathanPushBack><1237.183><726.3033><103~58, NoLeviathanStrandingZone><614.1288><123.904><-25~214, NoLeviathanStrandingZone><481.4027><591.1748><183~168, GRJLeviathanPushBack><1207.324><401.6555><101~21, GRJLeviathanPushBack><1218.426><590.0957><90~-9, GRJLeviathanPushBack><1124.185><126.3112><48~-120, GRJLeviathanPushBack><1961.397><509.686><28~78, 
FadePalette: 149, 0.9456522, 0.9347826
