Template: NONE
Clouds: 0.5011142
Grime: 0
Palette: 148
EffectColorA: 0
EffectColorB: 14
PlacedObjects: CustomDecal><758.8668><-52.34941><-3.414978~771.6638~549.6887~762.2725~547.1274~-2.56125~-310.7651~193.8013~0.009279997~1~0~GS_GoldRust~0.4814394~0.851522~0.4814394~0.851522~0.4814394~0.851522~0.4814394~0.851522, CustomDecal><1023.969><186.0704><-15.36755~337.9588~299.5402~350.765~331.1287~-18.78247~-313.3262~-105.0112~0~1~0~RF_Sand~0.5092807~0~0.5092807~0~0.5092807~0~0.5092807~0, LightSource><47.86407><48.74036><0.2483288~Environment~1112.436~666.0363~50~86.60254~1~1, 
FadePalette: 149, 0.6588725
