DangerType: None
CeilingDrips: 0
Clouds: 0.3695652
Grime: 0
Palette: 148
EffectColorA: 1
EffectColorB: 13
Effects: ZeroG-0.3152174-20-20, LightBurn-0.1304348-30-30, AboveCloudsView-1-40-40, 
PlacedObjects: LightSource><763.9397><1245.813><0.3478261~Environment~-400~2~-807~127.6025~0~1, LightSource><741.5775><687.1492><0.2934783~Environment~-323~-6~256~-399.3975~0~1, CustomDecal><164.9249><993.4033><15~586~759~641~607~-2~-362~0~0~1~0~RF_Sand~0.2173913~1~0.2173913~1~0.2173913~1~0.2173913~1, LightBeam><615.5884><1081.882><44~592~156~592~290~-228~-808~237~0.06304335~0~0~1, CustomDecal><543.3379><1014.883><-22~367~377~415~348~-76~-739~-84~0~1~0~GS_GoldRust~0.5760869~1~0.5760869~1~0.5760869~1~0.5760869~1, CustomDecal><656.3333><396.0682><-76~477~246~425~146~-126~-860~-94~0~1~0~GS_GoldRust~0.3369565~1~0.3369565~1~0.3369565~1~0.3369565~1, CustomDecal><293.95><280.9944><-285~593~491~729~572~-25~-67~-325~0~1~0~RF_Sand~0.1413043~1~0.1413043~1~0.1413043~1~0.1413043~1, CustomDecal><64.4278><432.8416><-155~565~637~579~441~-70~277~-486~0~1~0~RF_Sand~0.173913~1~0.173913~1~0.173913~1~0.173913~1, CustomDecal><602.7358><243.9496><67~444~785~694~563~4~-46~-295~0~1~0~RF_Sand~0.2065217~1~0.2065217~1~0.2065217~1~0.2065217~1, CustomDecal><829.9246><692.1526><-87~391~326~728~570~17~-546~-25~0~1~0~RF_Sand~0.2608696~1~0.2608696~1~0.2608696~1~0.2608696~1, CustomDecal><834.3523><1070.135><-137~678~405~435~435~-78~103~-324~0~1~0~RF_Sand~0.2282609~1~0.2282609~1~0.2282609~1~0.2282609~1, CustomDecal><343.4668><1352.947><113~537~685~501~711~-84~0~0~0~1~0~RF_Sand~0.1413043~1~0.1413043~1~0.1413043~1~0.1413043~1, 
FadePalette: 149, 0.8695652, 0.8043478
