DangerType: None
Clouds: 0.5
Grime: 0
Palette: 149
EffectColorB: 13
Effects: LightBurn-0.09782609-20-20, ZeroG-0.3478261-31-47, GRJGoldenFlakes-0.05434782-44-119, 
PlacedObjects: LightSource><1519.356><781.1116><0.2065217~Environment~760~-718~50~86.60254~1~1, CustomDecal><1601.24><49.69974><-173~762~425~751~250~2~-160~-284~0~1~0~GS_GoldRust~0.3586957~1~0.3586957~1~0.3586957~1~0.3586957~1, CustomDecal><2017.302><110.5284><-145~744~488~749~490~12~-381~-333~0~1~0~RF_Sand~0.25~1~0.25~1~0.25~1~0.25~1, LightSource><649.9846><697.8006><0.3804348~Environment~-668~-573~162~8.602539~1~1, CustomDecal><1382.181><237.4149><-152~586~287~555~174~-175~560~-477~0~1~0~GS_GoldRust~0.3695652~1~0.3695652~1~0.3695652~1~0.3695652~1, CustomDecal><1605.093><68.12619><-132~263~407~242~331~-10~-304~-305~0~1~0~GS_GoldRust~0.2282609~1~0.2282609~1~0.2282609~1~0.2282609~1, CustomDecal><1882.302><320.5274><-230~498~357~507~173~-91~-353~-559~0~1~0~GS_GoldRust~0.3695652~1~0.3695652~1~0.3695652~1~0.3695652~1, CustomDecal><401.0999><80.11783><-263~721~620~656~414~-27~-44~-323~0~1~0~GS_GoldRust~0.2065217~1~0.2065217~1~0.2065217~1~0.2065217~1, CustomDecal><2018.095><63.62569><-82~241~224~202~275~-2~-36~-300~0~1~0~GS_GoldRust~0.25~1~0.25~1~0.25~1~0.25~1, CustomDecal><56.32739><58.89902><-29~652~317~497~175~-113~69~-305~0~1~0~GS_GoldRust~0.2826087~1~0.2826087~1~0.2826087~1~0.2826087~1, CustomDecal><678.3922><56.08154><-35~198~409~420~350~-3~-306~-275~0~1~0~GS_GoldRust~0.3695652~1~0.3695652~1~0.3695652~1~0.3695652~1, LightSource><65.71027><772.196><0.2826087~Environment~490~-540~50~86.60254~1~1, NoLeviathanStrandingZone><151.6116><420.166><1~113, NoLeviathanStrandingZone><426.1047><505.3625><1~49, NoLeviathanStrandingZone><532.811><225.0595><-2~58, NoLeviathanStrandingZone><395.0522><238.2204><-1~34, NoLeviathanStrandingZone><666.4531><437.6944><-12~145, NoLeviathanStrandingZone><973.4268><521.0936><1~56, NoLeviathanStrandingZone><979.6608><249.3689><0~95, NoLeviathanStrandingZone><1290.196><547.0393><-4~61, NoLeviathanStrandingZone><1337.256><322.5501><-129~50, NoLeviathanStrandingZone><1401.945><78.79224><1~70, NoLeviathanStrandingZone><1738.576><81.34848><-43~109, NoLeviathanStrandingZone><1692.925><585.8474><-6~138, NoLeviathanStrandingZone><1687.449><437.2692><0~100, NoLeviathanStrandingZone><2171.06><134.9375><-111~10, NoLeviathanStrandingZone><2365.772><472.5512><-338~2, LightSource><1776.883><466.4122><0.2282609~Environment~-561~128~50~86.60254~0~1, 
FadePalette: 148, 0.25, 0.2608696
