Clouds: 0.8804348
Grime: 0
Palette: 149
Effects: AboveCloudsView-1-20-20, Bloom-0.4891304-37-71, SkyBloom-0.3913043-54-122, 
PlacedObjects: CustomDecal><25.68018><44.91322><-5~430~682~471~647~-23~498~-382~0~1~0~GreyBones~0.2173913~1~0.2173913~1~0.2173913~1~0.2173913~1, CustomDecal><578.2343><199.8006><-18~315~470~547~546~-311~-294~-428~0~1~0~GreyBones~0.1847826~1~0.1847826~1~0.1847826~1~0.1847826~1, CustomDecal><894.1937><6.050003><-18~748~541~747~588~-176~-200~-2.000015~0~1~0~GreyBones~0.25~1~0.25~1~0.25~1~0.25~1, LightSource><340.1331><466.6006><1~White~95~-253~50~86.60254~0~0, CustomDecal><140.6293><247.5974><-40~407~460~308~447~-152~311~-85~0~1~0~GreenWhite(var)~0.2282609~1~0.2282609~1~0.2282609~1~0.2282609~1, 
