Template: NONE
CeilingDrips: 0.173913
Grime: 0
Palette: 102
EffectColorA: 2
EffectColorB: 21
Effects: LightBurn-0.09782609-20-20, 
PlacedObjects: LightSource><505.632><152.6614><0.3586957~Environment~113~92~237~-116.3975~1~0, LightBeam><403.9492><47.7672><38~526~138~528~208~-17~411~-78~0.5956527~0.3152174~0~1, CustomDecal><77.48041><33.80096><-88~600~805~627~919~1~-366~298~0~1~0~BigM(B&W)~0.173913~1~0.173913~1~0.173913~1~0.173913~1, CustomDecal><405.3762><199.4051><0~264~308~209~255~-80~-660~110~0.1956522~1~0~YellowBubbly~0.25~1~0.25~1~0.25~1~0.25~1, CustomDecal><46.79309><17.69528><-93~418~349~441~300~1~-251~288~0~1~0~BlackRust1~0.4456522~0.1086956~0.4456522~0.1086956~0.4456522~0.1086956~0.4456522~0.1086956, CustomDecal><444.5509><233.4806><-50~242~210~265~209~0~-735~81~0~0.173913~0~BlackRust1~0.08695652~0~0.4891304~0~1~0~1~0, LightSource><507.1705><323.1045><0.08695652~Environment~424~225~280~-274.3975~1~1, CustomDecal><151.9092><156.5718><-65~67~51~94~76~2~-411~-85~0~1~0~BlackRust1~1~0~1~0~1~0~1~0, CustomDecal><208.191><66.55933><-50~77~106~98~153~-42~-444~108~0~1~0~BlackRust1~0.9239131~1~0.9239131~1~0.9239131~1~0.9239131~1, CustomDecal><689.4417><68.30872><0~40~161~150~258~0~-331~-34~0~1~0~BlackRust1~0.7717391~0~1~0~0.7717391~0~0.7717391~0, 
FadePalette: 103, 0.9347826
