Template: NONE
Grime: 0.1630435
Palette: 103
EffectColorA: 9
EffectColorB: 14
PlacedObjects: CustomDecal><-47.90662><1013.624><5~482~1211~477~1215~-18~-132~75~0~1~0~BlackRust1~0.5326087~1~0.5326087~1~0.5326087~1~0.5326087~1, CustomDecal><664.5712><1026.063><29~136~236~174~260~42~-335~-79~0~0.1521739~0~OrangePink~0.8043478~1~0.8043478~1~0.5~1~0~1, CustomDecal><1332.412><918.3827><-11~104~386~106~386~-97~-356~-42~0~0.08695652~0~OrangePink~0.3478261~1~1~1~0.3478261~1~0.3478261~1, CustomDecal><1168.553><886.0331><-28~281~671~324~639~-33~773~-116~0~1~0~RustB1~0.326087~1~0.326087~1~0.326087~1~0.326087~1, CustomDecal><1005.873><844.6544><39~658~955~642~918~4~389~296~0.7173913~1~0~BlackRust1~0.3804348~1~0.3804348~1~0.3804348~1~0.3804348~1, CustomDecal><878.1978><1250.53><-38~150~413~187~358~-58~440~-478~0.173913~1~0~RoundBlack~1~0~1~0~1~0~1~0, CustomDecal><118.2028><560.4443><-15~-489~643~-483~681~27~-266~-259~0.2608696~1~0~GS_GoldRust~0.5~1~0.5~1~0.5~1~0.5~1, CustomDecal><114.329><-0.3962021><5~410~1838~575~1929~-22~108~250~0~1~0~RF_Sand~0.3043478~0.7391304~0.3043478~0.7391304~0.3043478~0.7391304~0.3043478~0.7391304, CustomDecal><1165.428><35.93658><59~489~696~544~696~-4~394~-279~0~0.4130435~0~BlackRust1~0.5326087~1~0.5326087~1~0.5326087~1~0.5326087~1, CustomDecal><1431.427><370.8428><-16~127~390~132~361~-39~435~-490~0.2173913~1~0~RoundBlack~1~0~1~0~1~0~1~0, Mushroom><1538.319><411.8357><-58~-91~2~3, Mushroom><1487.65><443.8823><0~0~2~3, CustomDecal><868.3038><304.5389><-7~107~431~115~427~0~368~-294~0.1847826~1~0~RoundBlack~0.6086956~0~0.6086956~0~0.6086956~0~0.6086956~0, 
FadePalette: 102, 0.4021739, 0.4130435, 0.2065217, 0.1956522
