Template: NONE
Clouds: 0.4891304
Grime: 0
Palette: 148
EffectColorA: 0
EffectColorB: 13
Effects: Bloom-0.6473643-20-20, 
PlacedObjects: CustomDecal><333.1997><289.2051><-31.58875~314.9075~547.9812~341.3738~638.4788~-2.561218~565.1825~-261.2475~0~0.1926495~0~GS_GoldRust~0.2494427~1~0.2494427~1~0.2494427~1~0.2494427~1, LightSource><255.2613><250.2671><0.08129086~Environment~821.3076~464.5513~-32.72971~132.7051~1~1, CustomDecal><183.0101><101.8645><-75.13~468.5826~414.7963~564.2026~667.5062~53.78624~-251.8562~11.95253~0~1~0~RF_Sand~0.2958424~0~0.2958424~0~0.2958424~0~0.2958424~0, 
FadePalette: 149, 0.1564266
