Template: NONE
Clouds: 0.345462
Grime: 0.1577583
Palette: 148
EffectColorA: 0
EffectColorB: 13
Effects: LightBurn-0.3062364-20-20, 
PlacedObjects: CustomDecal><-56.38687><85.8622><8.537491~632.5024~1138.776~629.0875~1096.089~-53.78626~308.2037~35.00375~0.009279997~1~0~GS_GoldRust~0.314402~1~0.314402~1~0.314402~1~0.314402~1, LightSource><615.6589><355.1094><0.09985146~Environment~-337.2313~235.7462~50~86.60254~1~1, CustomDecal><-43.97554><105.1185><12.80637~612.0126~1130.239~613.72~935.5837~-62.32372~62.32372~35.0038~0.01855966~1~0~RF_Sand~0.1844841~1~0.1844841~1~0.1844841~1~0.1844841~1, 
FadePalette: 149, 0
