CeilingDrips: 0
Clouds: 0.3043478
Grime: 0.1847826
Palette: 148
EffectColorB: 13
Effects: LightBurn-0.08695652-20-20, GRJGoldenFlakes-0.1413043-30-30, ZeroG-0.1521739-40-40, 
PlacedObjects: LightSource><870.2438><457.9499><0.09782609~Environment~289~173~-243~-446.3975~1~1, CustomDecal><522.4401><69.43771><106~723~-592~334~-587~-19~342~-284~0~1~0~RF_Sand~0.1413043~1~0.1413043~1~0.1413043~1~0.1413043~1, CustomDecal><412.627><72.09546><-280~523~677~747~640~-2~122~-297~0~1~0~RF_Sand~0.1195652~1~0.1195652~1~0.1195652~1~0.1195652~1, CustomDecal><960.1207><146.4026><-37~747~477~761~440~0~-586~-99~0~1~0~RF_Sand~0.1956522~1~0.1956522~1~0.1956522~1~0.1956522~1, 
FadePalette: 149, 0.1086956
