Clouds: 0.1521739
Grime: 0
Palette: 148
EffectColorA: 9
EffectColorB: 13
Effects: LightBurn-0.1413043-110-98, ZeroG-0.3586957-74-34, 
PlacedObjects: CustomDecal><-24.21942><146.0523><8~528~894~513~862~-31~-176~-171~0~1~0~RF_Sand~0.1086956~1~0.1086956~1~0.1086956~1~0.1086956~1, CustomDecal><85.55316><189.4645><72~477~419~469~556~-143~159~-234~0~1~0~GS_GoldRust~0.1521739~1~0.1521739~1~0.1521739~1~0.1521739~1, CustomDecal><644.9373><173.1899><-226~456~464~471~508~-50~-655~7.999985~0~1~0~GS_GoldRust~0.1521739~1~0.1521739~1~0.1521739~1~0.1521739~1, CustomDecal><1773.813><243.8217><-822~-105~-797~347~50~250~-423~-217~0~1~0~GS_GoldRust~0.1521739~1~0.1521739~1~0.1521739~1~0.1521739~1, CustomDecal><845.6918><180.4434><20~412~1153~292~1027~-26~80~-152~0~1~0~RF_Sand~0.1413043~1~0.1413043~1~0.1413043~1~0.1413043~1, LightSource><1510.616><376.6017><0.1521739~Environment~-154~174~50~86.60254~1~1, LightSource><374.8068><400.0515><0.1086956~Environment~-326~136~50~86.60254~1~1, LightSource><588.5461><449.8054><0.1086956~Environment~-208~8~50~86.60254~1~1, LightSource><801.3037><425.788><0.1086956~Environment~-120~-124~50~86.60254~1~1, LightSource><1071.301><351.2717><0.1086956~Environment~-212~75~50~86.60254~1~1, 
FadePalette: 149, 0.5, 0.5
