Clouds: 0.3913043
Grime: 0.1195652
Palette: 148
Effects: LightBurn-0.07608695-20-20, ZeroG-0.1521739-30-30, 
PlacedObjects: LightSource><375.4462><371.4609><0.06521739~Environment~31~206~-750~61.60254~1~1, LightSource><533.6375><394.8547><0.07608695~Environment~4~199~-901~115.6025~1~1, CustomDecal><-215.8037><210.7117><-19~388~1355~466~1249~-234~-37.00001~-166~0~1~0~RF_Sand~0.173913~1~0.173913~1~0.173913~1~0.173913~1, CustomDecal><-109.1836><407.3114><25~308~1018~332~960~-129~0~0~0~1~0~RF_Sand~0.173913~1~0.173913~1~0.173913~1~0.173913~1, 
FadePalette: 149, 0.07608695
