Template: NONE
Grime: 0.09782609
Palette: 148
EffectColorA: 13
EffectColorB: 14
Effects: LightBurn-0.04347826-20-20, 
PlacedObjects: LightSource><455.3005><350.7362><0.2391304~Environment~-438~360~50~86.60254~1~1, CustomDecal><66.0816><228.0674><23~459~740~473~773~35~-253~80~0~1~0.3695652~GS_GoldRust~0.1847826~1~0.1195652~1~0.1847826~1~0.173913~1, CustomDecal><34.56683><-34.83031><-133~287~783~340~781~-17~-262~-4~0~1~0.7826087~GS_GoldRust~0.1630435~1~0.1413043~1~0.25~1~0.07608695~1, 
FadePalette: 149, 0.1630435
