CeilingDrips: 0
Clouds: 0.2608696
Grime: 0
Palette: 149
EffectColorA: 9
EffectColorB: 14
Effects: LightBurn-0.1195652-20-20, ZeroG-0.3804348-30-30, AboveCloudsView-1-40-40, 
PlacedObjects: LightSource><708.0966><1315.825><0.4891304~Environment~-303~31~-616~147.6025~0~1, CustomDecal><612.5766><755.5651><-54~1000~271~933~194~-2~-811~398~0~1~0~GS_GoldRust~0.5869565~1~0.5869565~1~0.5869565~1~0.5869565~1, CustomDecal><636.681><504.0852><-67~563~243~566~142~-78~-469~-261~0~1~0~GS_GoldRust~0.3586957~1~0.3586957~1~0.3586957~1~0.3586957~1, CustomDecal><192.9175><1029.597><-163~876~624~876~514~-3~-380~47~0~1~0~RF_Sand~0.1195652~1~0.1195652~1~0.1195652~1~0.1195652~1, CustomDecal><353.5547><1125.793><-103~567~230~570~81~-92~-516~80~0~1~0~GS_GoldRust~0.3586957~1~0.3586957~1~0.3586957~1~0.3586957~1, CustomDecal><945.3989><1115.883><-241~611~252~567~192~-88~-961~21~0~1~0~GS_GoldRust~0.25~1~0.25~1~0.25~1~0.25~1, CustomDecal><400.1791><275.5891><-293~752~911~697~607~4~-596~68~0~1~0~RF_Sand~0.2065217~1~0.2065217~1~0.2065217~1~0.2065217~1, CustomDecal><208.9998><826.0501><-13~430~1197~399~945~-41~93~-414~0~1~0~RF_Sand~0.1956522~1~0.1956522~1~0.1956522~1~0.1956522~1, LightSource><720.3066><747.4418><0.1521739~Environment~-367~132~50~86.60254~0~1, InsectGroup><715.3246><1270.346><0~100~0~0~Moth~0.1847826, DangleFruit><693.1238><1562.157><24~-191~1~6, DangleFruit><738.077><1537.185><70~-153~1~6, DangleFruit><710.8097><1495.061><50~-97~1~6, 
FadePalette: 148, 0.2717391, 0.3478261
