Template: NONE
CeilingDrips: 0
Clouds: 0.2041579
Grime: 0
Palette: 148
EffectColorA: 9
Effects: AboveCloudsView-1-20-20, Bloom-0.5011141-28.29251-107.6913, LightBurn-0.2505565-279.295-19.755, 
PlacedObjects: CustomDecal><314.9971><148.4139><-4.268738~215.0188~253.4375~212.4575~286.7337~-4.268768~-386.7486~-125.5013~0~0.1091302~1~GS_GoldRust~0.3329617~1~0.3329617~1~0.3329617~1~0.3329617~1, LightSource><483.2167><450.057><0.1833695~Environment~-611.285~19.74744~-554.455~-121.7125~1~1, CustomDecal><383.2222><498.2122><19.63623~86.10248~79.27264~72.4425~70.73511~12.80627~-234.7813~-361.1362~0.1391986~1~0~ScavMark Ghost~1~0~1~0~1~0~1~0, 
FadePalette: 149, 0.9279893
