Template: NONE
Clouds: 0.4130435
Grime: 0.09782609
Palette: 148
EffectColorA: 14
Effects: GRJGoldenFlakes-0.08695652-20-20, LightBurn-0.07608695-30-30, 
PlacedObjects: CustomDecal><306.2325><199.3008><106~753~1365~681~1350~-3~-273~-26~0~1~0.2717391~RF_Sand~0.2391304~1~0.3043478~1~0.2282609~1~0.1195652~1, LightSource><1184.332><173.8579><0.173913~Environment~-1325~551~-183~-162.3975~1~1, CustomDecal><-30.91351><111.6152><-95~720~932~766~1139~-36~539.9999~198~0~1~0~RF_Sand~0.7717391~1~0.1521739~1~0.1521739~1~0.1521739~1, LightSource><1127.349><658.326><0.04347826~EffectColor1~-1290~-708~-496~-91.39746~1~1, LightSource><1239.318><577.3327><0.08695652~Environment~-772~-301~-509~-68.39746~1~1, LightSource><-41.32703><700.9346><0.06521739~Environment~768~-315~67~-155.3975~1~1, PlacedPearlChain><423.314><251.3235><90~-156~6~9~4, PlacedPearlChain><400.5201><293.449><-221~78~2~3~0, 
FadePalette: 149, 0.1521739
