Template: NONE
DangerType: Thunder
CeilingDrips: 0
RainIntensity: 0.3043478
RumbleIntensity: 0.25
Clouds: 0.5326087
Grime: 0.1956522
Palette: 149
Effects: GRJGoldenFlakes-0.06521739-20-20, LightBurn-0.07608695-30-30, ZeroG-0.07608695-40-40, SandStorm-0.4347826-50-50, 
PlacedObjects: LightSource><415.6768><1035.564><0.1521739~Environment~-420~98~50~86.60254~1~1, LightSource><734.9279><1193.937><0.1086956~Environment~-509~86~-1017~-452.3975~1~1, CustomDecal><67.09027><689.8704><-103~761~1134~763~1075~0~-349~-82~0~1~0~RF_Sand~0.2717391~1~0.2717391~1~0.2717391~1~0.2717391~1, CustomDecal><795.0605><1026.941><-37~526~465~489~467~-28~-1080~-348~0~1~0~RF_Sand~0.2282609~1~0.2282609~1~0.2282609~1~0.2282609~1, CustomDecal><-46.43207><1077.667><-3~445~420~446~437~-12~353~-346~0~1~0~RF_Sand~0.3152174~1~0.3152174~1~0.3152174~1~0.3152174~1, LightSource><160.0739><226.3141><0.2173913~Environment~998~23~-398~1.602539~1~1, LightSource><1233.926><349.5643><0.1956522~Environment~-771~209~50~86.60254~1~1, CustomDecal><-23.41162><-53.61783><-26~456~550~436~492~-12~-260~73~0~1~0~GS_GoldRust~0.25~1~0.25~1~0.25~1~0.25~1, CustomDecal><430.8466><-63.07489><-45~751~446~759~406~-5~-713~-18~0~1~0~RF_Sand~0.1956522~1~0.1956522~1~0.1956522~1~0.1956522~1, CustomDecal><108.8032><370.7853><-40~364~557~366~430~-84~-394~-311~0~1~0~RF_Sand~0.3913043~1~0.3913043~1~0.3913043~1~0.3913043~1, CustomDecal><621.6295><27.34756><10~554~534~525~583~-88~-895~81~0~1~0~RF_Sand~0.1304348~1~0.1304348~1~0.1304348~1~0.1304348~1, CustomDecal><582.6077><471.1685><-34~305~527~260~482~-26~-866~-312~0~1~0~RF_Sand~0.2173913~1~0.2173913~1~0.2173913~1~0.2173913~1, LightSource><36.67389><111.0988><0.173913~Environment~691~235~50~86.60254~1~1, 
FadePalette: 148, 0.8043478, 0.7173913
