Template: NONE
CeilingDrips: 0
Clouds: 0.7516712
Grime: 0.1566441
Palette: 148
EffectColorA: 0
EffectColorB: 13
Effects: Fog-0.2576088-20-20, 
PlacedObjects: CustomDecal><-184.6053><157.407><-17.92875~1362.459~1341.115~1366.728~1339.408~-11.09875~369.6738~786.3038~0~1~0~GS_GoldRust~0.1380847~1~0.1380847~1~0.1380847~1~0.1380847~1, 
FadePalette: 149, 0.5011142, 0.5011142
