Clouds: 0.4130435
Grime: 0
Palette: 148
EffectColorB: 13
Effects: LightBurn-0.1304348-20-20, Bloom-0.2826087-30-30, GRJGoldenFlakes-0.07608695-40-40, 
PlacedObjects: CustomDecal><33.84631><1065.825><-5~758~973~752~901~-3~-241~13~0~1~0~RF_Sand~0.1413043~1~0.1413043~1~0.1413043~1~0.1413043~1, CustomDecal><732.3399><933.5713><69~759~652~766~658~-5~-938~142~0~1~0~RF_Sand~0.1304348~1~0.1304348~1~0.1304348~1~0.1304348~1, CustomDecal><1208.314><1322.677><-72~417~225~415~218~-31~-1417~-182~0~1~0~GS_GoldRust~0.1847826~1~0.1847826~1~0.1847826~1~0.1847826~1, CustomDecal><371.2601><1105.7><-74~359~367~439~291~-67~-422~-47~0~1~0~GS_GoldRust~0.1086956~1~0.1086956~1~0.1086956~1~0.1086956~1, CustomDecal><391.3987><225.6338><-112~413~243~488~172~-57~-593~60~0~1~0~GS_GoldRust~0.1956522~1~0.1956522~1~0.1956522~1~0.1956522~1, CustomDecal><30.18201><322.1881><-12~772~653~767~544~1~-233~-12~0~1~0~RF_Sand~0.1086956~1~0.1086956~1~0.1086956~1~0.1086956~1, CustomDecal><29.90442><177.6229><-1~285~682~251~614~3~-231~168~0~1~0~RF_Sand~0.1304348~1~0.1304348~1~0.1304348~1~0.1304348~1, CustomDecal><430.4059><365.4265><31~766~914~756~918~73~-616~-20~0~1~0~RF_Sand~0.1847826~1~0.1847826~1~0.1847826~1~0.1847826~1, CustomDecal><669.1016><174.616><16~485~718~490~381~-2~0~0~0~1~0~RF_Sand~0.1847826~1~0.1847826~1~0.1847826~1~0.1847826~1, LightSource><482.425><377.5967><0.09782609~Environment~-145~137~50~86.60254~1~1, LightSource><501.7483><618.3><0.07608695~Environment~-243~50~50~86.60254~1~1, LightSource><514.6948><1412.454><0.1086956~Environment~-218~138~-432~91.60254~1~1, LightSource><1311.228><1568.449><0.1413043~Environment~-371~54~50~86.60254~1~1, LightSource><1084.683><1345.439><0.1521739~Environment~-195~103~50~86.60254~1~1, LightSource><401.8848><1278.148><0.1195652~Environment~-189~203~50~86.60254~1~1, InsectGroup><481.1926><403.3038><0~100~0~0~Moth~0.1630435, InsectGroup><488.472><1455.198><-19~135~0~0~Moth~0.173913, DangleFruit><164.0911><701.3715><0~0~2~3, DangleFruit><125.377><660.0955><0~0~2~3, 
FadePalette: 149, 0.2173913, 0.2717391
