CeilingDrips: 0
Clouds: 0.1413043
Grime: 0.2391304
Palette: 148
EffectColorB: 14
Effects: LightBurn-0.04347826-30-30, GRJGoldenFlakes-0.1413043-20-20, 
PlacedObjects: CustomDecal><427.8023><1892.057><28~331~811~407~764~-325~-430~-34~0~1~0~RF_Sand~0.1956522~1~0.1956522~1~0.1956522~1~0.1956522~1, CustomDecal><100.3618><1108.735><119~1078~1063~556~1036~-232~-300~240~0~1~0~RF_Sand~0.2173913~1~0.2173913~1~0.2173913~1~0.2173913~1, CustomDecal><179.8077><757.6949><-260~453~987~307~980~0~-348~29~0~1~0~RF_Sand~0.2173913~1~0.2173913~1~0.2173913~1~0.2173913~1, CustomDecal><24.55164><585.6932><-101~-764~1072~-772~1076~42~-305~-22~0~1~0~RF_Sand~0.2065217~1~0.2065217~1~0.2065217~1~0.2065217~1, CustomDecal><637.4006><206.3684><108~140~268~91~182~-105~-805~-46~0~1~0~GS_GoldRust~0.2173913~1~0.2173913~1~0.2173913~1~0.2173913~1, LightSource><873.1929><1676.697><0.1521739~Environment~28~219~-345~265.6025~1~1, LightSource><544.437><916.4292><0.1739136~Environment~41~220~50~86.60254~1~1, LightSource><321.1183><1301.35><0.1413043~Environment~47~191~50~86.60254~1~1, LightSource><1019.051><421.7664><0.1413043~Environment~-8~212~-210~86.60254~1~1, LightSource><774.382><252.9003><0.1413043~Environment~12~152~50~86.60254~1~1, LightSource><387.8325><242.8593><0.1413043~Environment~27~150~50~86.60254~1~1, LightSource><639.0863><542.4304><0.08695652~Environment~34~205~50~86.60254~1~1, LightSource><918.3129><1265.31><0.07608695~Environment~237~218~50~86.60254~1~1, CustomDecal><803.1985><1605.475><0~237~188~67~109~-69~-451~29~0~1~0~GS_GoldRust~0.4347826~1~0.4347826~1~0.4347826~1~0.4347826~1, NoLeviathanStrandingZone><692.4131><968.1929><0~100, NoLeviathanStrandingZone><286.1297><549.149><0~100, NoLeviathanStrandingZone><658.486><686.6131><-67~113, NoLeviathanStrandingZone><162.2039><162.6246><-7~173, NoLeviathanStrandingZone><782.853><252.3191><1~77, NoLeviathanStrandingZone><483.8201><1195.832><5~75, NoLeviathanStrandingZone><264.9606><1301.863><-7~160, 
FadePalette: 149, 0.173913, 0.2326086, 0.2717391
