CeilingDrips: 0
Clouds: 0.1413043
Grime: 0.2391304
Palette: 148
Effects: LightBurn-0.09782609-20-20, Bloom-0.25-34-53, 
PlacedObjects: LightSource><139.1658><604.1382><0.1413043~Environment~861~-169~50~86.60254~0~1, LightSource><1031.245><445.3><0.1847826~Environment~-194~90~44~-335.3975~1~1, LightSource><488.9311><763.5623><0.1304348~Environment~-168~-218~50~86.60254~0~1, CustomDecal><972.5617><314.9326><-8~370~178~324~95~-254~-259~-560~0.2934783~1~0~GS_GoldRust~0.3369565~1~0.3369565~1~0.3369565~1~0.3369565~1, CustomDecal><144.4969><310.55><-481~490~742~503~585~-288~171~-558~0~1~0~RF_Sand~0.2934783~1~0.2934783~1~0.2934783~1~0.2934783~1, CustomDecal><570.1074><270.8598><52~661~680~650~641~-225~335~-505~0~1~0~RF_Sand~0.2065217~1~0.2065217~1~0.2065217~1~0.2065217~1, LightSource><136.3022><601.2798><0.1413043~Environment~1084~-320~139~17.60254~0~1, CustomDecal><1039.88><262.5903><-73~300~549~547~365~17~-349~-450~0~1~0~RF_Sand~0.1630435~1~0.1630435~1~0.1630435~1~0.1630435~1, InsectGroup><139.1921><573.9447><249~-159~0~0~Moth~0.173913, 
FadePalette: 149, 0.1956522
