CeilingDrips: 0
Clouds: 0.1630435
Grime: 0.2391304
Palette: 148
EffectColorB: 14
Effects: LightBurn-0.1195652-30-30, GRJGoldenFlakes-0.08695652-20-20, 
PlacedObjects: LightSource><388.8625><167.8547><0.1413043~Environment~9~143~50~86.60254~1~1, LightSource><772.5568><550.0582><0.1521739~Environment~99~138~-93~-193.3975~1~1, CustomDecal><310.1898><-32.93695><-38~736~915~739~917~-22~223~-28~0~1~0~RF_Sand~0.326087~1~0.326087~1~0.326087~1~0.326087~1, CustomDecal><-38.55133><-51.97717><70~737~573~723~399~-27~-64~224~0~1~0~RF_Sand~0.2282609~1~0.2282609~1~0.2282609~1~0.2282609~1, CustomDecal><697.9838><451.5507><-63~175~191~210~143~-62~-815~-323~0~1~0~GS_GoldRust~0.5217391~1~0.5217391~1~0.5217391~1~0.5217391~1, CustomDecal><260.9714><115.5521><23~132~211~119~214~-27~-378~174~0~1~0~GS_GoldRust~0.4673913~1~0.4673913~1~0.4673913~1~0.4673913~1, LightSource><1029.553><521.4656><0.05434782~Environment~-382~61~-334~-35.39746~1~1, LightSource><998.9427><22.55336><0.05434782~Environment~159~173~-318~292.6025~1~1, LightSource><448.582><326.3915><0.08695652~Environment~34~184~50~86.60254~1~1, 
FadePalette: 149, 0.2934783
