Template: NONE
Clouds: 0.7717391
Grime: 0
Palette: 148
EffectColorA: 0
Effects: LightBurn-0.3804348-251-49, Bloom-0.6195652-42-56, SkyBloom-0.4456522-72-125, 
PlacedObjects: LightSource><-156.5702><667.5627><0.5760869~Environment~852~-502~50~86.60254~1~1, CustomDecal><131.6969><133.535><31~731~570~753~567~-165~-546~-20.99999~0~1~0~GreyBones~0.173913~1~0.173913~1~0.173913~1~0.173913~1, LightSource><129.0648><556.1746><1~Environment~363~-153~50~86.60254~1~0, CustomDecal><56.41223><149.3831><-48~651~334~535~40~0~226~-107~0~1~0~GS_GoldRust~0.2934783~1~0.2934783~1~0.2934783~1~0.2934783~1, 
FadePalette: 3, 0.6847826
