Clouds: 0.3369565
Grime: 0.1956522
Palette: 148
EffectColorA: 2
EffectColorB: 14
Effects: LightBurn-0.173913-20-20, 
PlacedObjects: CustomDecal><418.8129><149.0708><-41~192~172~204~40~-138~-815~119~0.2282609~1~0~Rust1~0.5869565~1~0.5869565~1~0.5869565~1~0.5869565~1, CustomDecal><587.5366><63.94661><-69~281~139~280~50~-6~-889~179~0.2065217~1~0~Rust1~0.5978261~1~0.5978261~1~0.5978261~1~0.5978261~1, LightSource><605.3828><1063.1><0.1195652~White~21~281~-293~282.6025~1~1, LightSource><414.1047><1067.113><0.1195652~Environment~-156~220~-422~201.6025~1~1, LightSource><331.1283><1235.409><0.1195652~Environment~-98~199~50~86.60254~1~1, LightSource><539.152><554.87><0.09782609~Environment~-180~240~-922~48.60254~1~1, CustomDecal><177.5927><59.6266><-115~743~567~744~621~25~-617~69~0~1~0~RF_Sand~0.1847826~1~0.1847826~1~0.1847826~1~0.1847826~1, CustomDecal><92.90417><96.07446><-209~597~462~555~356~18~-206~50.00002~0~1~0~RF_Sand~0.173913~1~0.173913~1~0.173913~1~0.173913~1, CustomDecal><620.6271><76.84224><-228~692~291~705~175~-17~-892~10.99998~0~1~0~GS_GoldRust~0.1630435~1~0.1630435~1~0.1630435~1~0.1630435~1, CustomDecal><-114.3593><958.3325><-67~710~1122~745~1192~-26~-325~8~0~1~0~RF_Sand~0.2065217~1~0.2065217~1~0.2065217~1~0.2065217~1, CustomDecal><-23.89142><809.3585><-105~349~339~366~313~0~-409~98~0~1~0~RF_Sand~0.1521739~1~0.1521739~1~0.1521739~1~0.1521739~1, CustomDecal><569.693><808.1917><-51~564~576~695~371~1~-1010~64~0~1~0~RF_Sand~0.2934783~1~0.2934783~1~0.2934783~1~0.2934783~1, CustomDecal><-75.44696><1353.465><2~217~1112~221~1248~-103~-270~-417~0~1~0~RF_Sand~0.2391304~1~0.2391304~1~0.2391304~1~0.2391304~1, CustomDecal><273.0535><182.1927><-14~170~459~211~483~-62~-263~85~0.2391304~1~0~zGWMarks - A01~0.4891304~0.2934783~0.4891304~0.2934783~0.4891304~0.2934783~0.4891304~0.2934783, LightBeam><241.0413><855.3043><-19~460~52~461~295~-51~-308~139~0.04130422~0~0~1, LightSource><292.3052><1290.545><0.1956522~Environment~-135~39~50~86.60254~1~1, 
FadePalette: 149, 0.1195652, 0.1630435
