Template: NONE
DangerType: Thunder
CeilingDrips: 0
RainIntensity: 0.1195652
RumbleIntensity: 0.1086956
Clouds: 0.4456522
Grime: 0.2065217
Palette: 149
EffectColorB: 15
Effects: ZeroG-0.1086956-20-20, SandStorm-0.2934783-30-30, 
PlacedObjects: LightSource><455.2762><159.5517><0.06521739~Environment~-286~179~-289~-80.39746~1~1, LightSource><738.4688><555.9476><0.6304348~Environment~-141~98~162~126.6025~1~0, LightBeam><243.9492><774.2676><287~668~449~675~481~256~-522~411~0.5086955~0~0.6739131~1, LightBeam><252.6614><973.5707><31~478~143~490~300~73~-463~329~0.4326086~0~0~1, LightSource><261.4296><1289.223><0.8913044~Environment~-32~123~50~86.60254~1~0, CustomDecal><234.1769><37.34332><22~662~609~636~540~206~-356~128~0~0.3478261~1~GS_GoldRust~0.09782609~1~0.7065217~1~0~1~0.2173913~1, CustomDecal><2.862183><-6.894958><-92~588~757~613~955~7~437~-118~0.4021739~1~0~RoundBlack~1~0~1~0~1~0~1~0, CustomDecal><-92.5542><-21.4425><39~573~1169~537~1161~9~0~0~0.4673913~1~0~RoundBlack~1~0~1~0~1~0~1~0, CustomDecal><247.5865><475.9303><-9~-494~459~-500~488~2~-70~-101~0~0.1956522~0~BlackRust1~1~1~1~1~1~1~1~1, LightSource><465.9413><326.9418><0.07608695~Environment~-318~88~50~86.60254~1~1, CustomDecal><-82.19788><808.2209><-17~679~1069~717~1062~13~-145~41~0~0.3804348~0~RF_Sand~0.6086956~1~0.6086956~1~0.6086956~1~0.6086956~1, CustomDecal><-1.94104><973.9409><-12~339~324~356~260~-18~225~-190~0.1630435~0.3586957~1~RF_Sand~0.2717391~1~0.2717391~1~0.2717391~1~0.2717391~1, CustomDecal><394.6995><146.2352><-10~334~132~336~159~-14~77~-117~0.1086956~0.1630435~0~RoundBlack~1~0~1~0~1~0~1~0, 
FadePalette: 148, 0.8369565, 0.9021739
