DangerType: None
RumbleIntensity: 1
Clouds: 0.1521739
Grime: 0
Palette: 149
EffectColorB: 14
Effects: LightBurn-0.1413043-20-20, ZeroG-0.2065217-30-30, AboveCloudsView-1-40-40, 
PlacedObjects: CustomDecal><25.7915><124.3044><-5~733~684~621~658~-31~-85~-324~0~1~0~GS_GoldRust~0.3152174~1~0.3152174~1~0.3152174~1~0.3152174~1, CustomDecal><583.8569><69.33093><-18~752~395~615~366~-3~-603~-282~0~1~0~GS_GoldRust~0.3804348~1~0.3804348~1~0.3804348~1~0.3804348~1, CustomDecal><316.5441><372.4451><-47~528~325~536~218~-36~-333~-592~0~1~0~GS_GoldRust~0.3695652~0~0.3695652~0~0.3695652~0~0.3695652~0, CustomDecal><-110.1848><75.67365><-28~322~400~467~309~-4~-347~114~0~1~0~GS_GoldRust~0.2173913~1~0.2173913~1~0.2173913~1~0.2173913~1, LightSource><461.3827><612.162><0.3804348~Environment~-672~-510~247~-422.3975~0~1, CustomDecal><16.84509><72.6265><9~264~1109~257~993~-14~-287~13~0~1~0~GS_GoldRust~0.1956522~1~0.1956522~1~0.1956522~1~0.1956522~1, InsectGroup><433.3323><658.8177><-97~119~0~0~Moth~0.1956522, 
