Template: NONE
Clouds: 0.09782609
Grime: 0.06521739
Palette: 103
EffectColorA: 3
EffectColorB: 13
Effects: CloudAdjustment-0.1521739-456-453, AboveCloudsView-1-183-64, LightBurn-0.05434782-20-20, 
PlacedObjects: LightSource><161.5724><1391.658><0.2065217~Environment~711~-1264~-300~101.6025~1~1, CustomDecal><320.4495><846.4849><60~557~499~722~690~-46~-599~-276~0~1~0~GS_GoldRust~0.2717391~1~0.2717391~1~0.2717391~1~0.2717391~1, CustomDecal><456.3589><973.4177><18~636~721~638~428~-122~-734.0001~-413~0~1~0~GreySnoopy~0.1847826~1~0.1847826~1~0.1847826~1~0.1847826~1, CustomDecal><-220.1358><1220.086><0~40~40~40~87~-52~-65~-614~0~1~0~PH~0.5~0~0.5~0~0.5~0~0.5~0, CustomDecal><204.3295><144.0236><51~707~494~711~722~224~-346~99~0~1~0~GS_GoldRust~0.1521739~1~0.1521739~1~0.1521739~1~0.1521739~1, CustomDecal><109.3193><80.08569><-40~558~808~649~874~-39~-246~168~0~1~0~BrainGhosts~0.1304348~1~0.1304348~1~0.1304348~1~0.1304348~1, CustomDecal><42.98688><236.8005><0~495~816~615~740~-149~-171~16~0.3043478~1~0~BadSkin~0.1956522~1~0.1956522~1~0.1956522~1~0.1956522~1, CustomDecal><432.3107><82.31458><-78~312~496~300~587~53~-582~177~0~1~0~GS_GoldRust~0.1195652~1~0.1195652~1~0.1195652~1~0.1195652~1, LightSource><417.6382><636.8341><0.07608695~White~552~-433~-428~34.60254~1~1, LightBeam><-193.946><177.8932><-350~1438~1009~1433~1205~27~185~407~0.07391291~1~0~1, CustomDecal><30.08636><83.81964><-57~239~809~276~947~25~-199~166~0~1~0~BoneType~0.2391304~1~0.2391304~1~0.2391304~1~0~1, 
FadePalette: 102, 0, 0
