Clouds: 0.2856522
EffectColorA: 18
Effects: GRJGoldenFlakes-0.04347826-20-20, Fog-0.1847826-30-30, 
PlacedObjects: LightSource><122.6229><361.0956><0.326087~Environment~1127~143~809~-354.3975~1~1, LightSource><131.433><1199.169><0.2934461~Environment~714~6~-299~-24.39746~1~1, CustomDecal><293.8561><50.08044><-171~617~957~729~818~-7~857~-56~0~1~0~RF_Sand~0.1956522~1~0.1956522~1~0.1956522~1~0.1956522~1, CustomDecal><210.4491><61.23111><-171~554~435~748~242~-5~502~-22~0~1~0~GS_GoldRust~0.1521739~1~0.1521739~1~0.1521739~1~0.1521739~1, CustomDecal><112.3032><1028.464><-152~766~933~759~1229~-11~-60~-513~0~1~0~RF_Sand~0.173913~1~0.173913~1~0.173913~1~0.173913~1, CustomDecal><366.3409><810.8712><-85~373~686~381~510~-1~-442~40~0~1~0~GS_GoldRust~0.1413043~1~0.1413043~1~0.1413043~1~0.1413043~1, CustomDecal><464.4482><812.5269><-67~380~672~459~465~1~-468~-41~0~1~0~RF_Sand~0.08697974~1~0.08697974~1~0.08697974~1~0.08697974~1, CustomDecal><1006.085><332.3627><-30~380~324~360~123~-126~-423~-312~0~1~0~RF_Sand~0.1521739~1~0.1521739~1~0.1521739~1~0.1521739~1, CustomDecal><638.349><888.1188><-70~272~124~237~106~-8~-452~136~0.5869565~1~0~JackalopeSkull~0.3695652~0.3586957~0.3695652~0.3586957~0.3695652~0.3586957~0.3695652~0.3586957, CustomDecal><642.58><812.9333><-12~99~94~70~103~-7~-449~25.26691~0.5978261~1~0~Ghostling2~0.3804348~0.25~0.3804348~0.25~0.3804348~0.25~0.3804348~0.25, CustomDecal><443.8002><494.0093><-1~114~571~144~552~-37~-387~-291~0.326087~1~0~Tall B&W~0.2934783~0.2826087~0.2934783~0.2826087~0.2934783~0.2826087~0.2934783~0.2826087, 
FadePalette: 3, 0.1630435, 0.2282609
