Template: NONE
DangerType: Blizzard
CeilingDrips: 0
RainIntensity: 0.9226674
WaveSpeed: 0.571498
WaveLength: 0.8462992
WaveAmplitude: 0.02536266
SecondWaveLength: 1
SecondWaveAmplitude: 0.0001
Clouds: 0.2856522
EffectColorA: 18
EffectColorB: 18
Effects: GRJGoldenFlakes-0.07974426-20-20, Fog-0.1847828-264.0698-69.11111, Bloom-0.2474639-71.30417-91.91112, LightRain-0.2010641-224.9792-203.5556, Dustpuffs-0.255197-290.4333-137.4222, SandPuffs-0.1005322-275.4927-262.5778, 
PlacedObjects: LightSource><122.6229><361.0956><0.326087~Environment~1127~143~809~-354.3975~1~1~None~0~0, LightSource><131.433><1199.169><0.2934461~Environment~714~6~-299~-24.39746~1~1~None~0~0, CustomDecal><293.8561><50.08044><-171~617~957~729~818~-7~857~-56~0~1~0~RF_Sand~0.1956522~1~0.1956522~1~0.1956522~1~0.1956522~1, CustomDecal><210.4491><61.23111><-171~554~435~748~242~-5~502~-22~0~1~0~GS_GoldRust~0.1521739~1~0.1521739~1~0.1521739~1~0.1521739~1, CustomDecal><112.3032><1028.464><-152~766~933~759~1229~-11~-60~-513~0~1~0~RF_Sand~0.173913~1~0.173913~1~0.173913~1~0.173913~1, CustomDecal><366.3409><810.8712><-85~373~686~381~510~-1~-442~40~0~1~0~GS_GoldRust~0.1413043~1~0.1413043~1~0.1413043~1~0.1413043~1, CustomDecal><464.4482><812.5269><-67~380~672~459~465~1~-468~-41~0~1~0~RF_Sand~0.08697974~1~0.08697974~1~0.08697974~1~0.08697974~1, CustomDecal><1006.085><332.3627><-30~380~324~360~123~-126~-423~-312~0~1~0~RF_Sand~0.1521739~1~0.1521739~1~0.1521739~1~0.1521739~1, CustomDecal><638.349><888.1188><-70~272~124~237~106~-8~-510.3396~305.2444~0.5869565~1~0~JackalopeSkull~0.3695652~0.3586957~0.3695652~0.3586957~0.3695652~0.3586957~0.3695652~0.3586957, CustomDecal><642.58><812.9333><-12~99~94~70~103~-7~-444.0198~-166.7331~0.5978261~1~0~Ghostling2~0.3804348~0.25~0.3804348~0.25~0.3804348~0.25~0.3804348~0.25, CustomDecal><443.8002><494.0093><-1~114~571~144~552~-37~-387~-291~0.326087~1~0~Tall B&W~0.2934783~0.2826087~0.2934783~0.2826087~0.2934783~0.2826087~0.2934783~0.2826087, LightSource><1229.22><1386.671><0.5128055~Environment~-1002.445~-428.3555~-425.9657~-112.5085~1~0~None~0~0, 
AmbientSounds: SPOT><am_env-natwind.ogg><729.8786><249.258><0.5386658><1><677.9661><135.147><558.0009><30.06686><0><0.1338773, 
FadePalette: 3, 0.3486413, 0.4061255
WetTerrain: OFF
MorePalette0: 107, 0.5645267, 0.2629308
