RainIntensity: 0
RumbleIntensity: 0.01086957
Clouds: 0.2826087
Grime: 0.1195652
FadePalette: 148, 0.6630435
