Grime: 0.2173913
Palette: 149
EffectColorA: 9
EffectColorB: 15
Effects: LightBurn-0.1195652-20-20, ZeroG-0.3804348-30-30, 
PlacedObjects: LightSource><1579.832><363.4324><0.2608696~Environment~-287~10~50~86.60254~0~1~None~0~0, LightSource><563.4292><303.5889><0.1956522~Environment~-254~41~50~86.60254~0~1~None~0~0, CustomDecal><-227.0062><75.44989><-85~462~977~806~1028~-278~-218~-80~0~1~0~rf_sand~0.1304348~1~0.1304348~1~0.1304348~1~0.1304348~1, CustomDecal><520.8335><143.6392><-105~266~324~215~250~-69~-680~9~0~1~0~gs_goldrust~0.2173913~1~0.2173913~1~0.2173913~1~0.2173913~1, CustomDecal><515.194><-8.048599><-9~716~1631~702~1680~-33~287~33.00002~0~1~0~rf_sand~0.173913~1~0.173913~1~0.173913~1~0.173913~1, InsectGroup><603.1505><306.4235><5~29~0~0~Moth~0.1304348, InsectGroup><1554.819><320.1649><3~26~0~0~Moth~0.1304348, 
FadePalette: 148, 0.4782609, 0.4782609
