Template: NONE
DangerType: Thunder
RainIntensity: 0
RumbleIntensity: 0.01086957
Clouds: 0.2826087
Grime: 0.1195652
Palette: 149
EffectColorB: 15
Effects: LightBurn-0.3152174-20-20, Fog-0-19-68, ZeroG-0.2173913-141-103, SandStorm-0.02173913-40-40, GRJGoldenFlakes-0.08695652-50-50, 
PlacedObjects: LightSource><-189.4332><405.4385><0.0326087~White~336~-144~5~-460.3975~1~1, LightSource><530.1447><232.6381><0.02173913~Environment~301~259~-717~-326.3975~1~1, LightSource><552.531><317.0524><0.04347826~Environment~223~131~-728~-365.3975~1~1, LightBeam><452.0894><133.3211><43~410~280~415~187~-15~-355~-277~0.345652~0~0~1, LightBeam><83.71875><155.6975><43~476~245~455~119~-44~-4~-243~0.345652~0~0~1, LightSource><857.1902><319.4408><0.08695652~Environment~38~156~-1033~-364.3975~1~1, LightBeam><791.936><259.9264><25~180~138~189~104~-23~-712~-335~0.3673918~0~0~1, LightBeam><622.55><22.00494><91~426~210~398~97~-14~-533~-108~0.3347831~0~0~1, LightBeam><387.1991><55.44342><75~466~312~432~194~-33~-305~-136~0.3565216~0~0~1, LightBeam><30.85767><66.58145><111~548~354~530~176~-43~60~-143~0.3565223~0~0~1, LightBeam><-74.32068><133.3129><105~403~1050~441~1038~-189~141~-208~0.671739~0~0~1, CustomDecal><-89.05035><64.23859><-44~587~702~605~488~-103~882~-382~0~1~0~BigOrangeFaceA~0~1~0.1195652~1~0.25~1~0.25~1, CustomDecal><308.5813><208.8574><-17~350~474~300~404~-84~226~-543~0~1~0~GreenWhite(var)~0~1~0~1~0.05434782~1~0.07608695~1, CustomDecal><-96.45129><-22.44397><-113~699~1177~586~1225~-33~544~-280~0~1~0~CrudeGrey~0.1630435~1~0.1630435~1~0.1630435~1~0.1630435~1, LightSource><-194.8929><295.8898><0.02173913~White~817~289~24.00002~-337.3975~1~1, CustomDecal><239.5302><115.6977><47~540~632~559~446~-84~223~-425~0~1~0~BlackRust1~0.4673913~1~0.4673913~1~0.4673913~1~0.4673913~1, LightBeam><172.843><204.1261><-377~509~990~512~990~-209~-95~-266~0.01956508~0~0~1, LightBeam><-198.8936><100.6392><-9~615~660~603~826~173~95~63~0.01956508~0~0~1, UniqueDataPearl><881.4355><334.0745><-365~52~0~0~2~0, 
FadePalette: 148, 0.6630435
