Template: GS_SettingsTemplate_Inside
RainIntensity: 0.04347826
RumbleIntensity: 0.02173913
Clouds: 0.345462
Grime: 0.1577583
AmbientSounds: SPOT><am_win-medwind.ogg><744.6311><522.4011><0.4021739><1><1012.631><584.4011><-86.35535><-21.35535><0><0.1760871, 
FadePalette: 149, 0.1630435
