DangerType: None
Clouds: 0.3369565
Grime: 0.1847826
Palette: 149
EffectColorA: 9
EffectColorB: 13
Effects: LightBurn-0.06521739-20-20, AboveCloudsView-1-30-30, ZeroG-0.3478261-40-40, GRJGoldenFlakes-0.1195652-50-50, 
PlacedObjects: LightSource><874.5718><1265.909><0.1413043~Environment~236~118~-690~78.60254~1~1~None~0~0, LightSource><829.2492><440.7><0.2282614~Environment~-370~14~50~86.60254~1~1~None~0~0, CustomDecal><309.6397><23.60684><-327~894~1347~396~40~0~-292~-245~0~1~0~rf_sand~0.173913~1~0.173913~1~0.173913~1~0.173913~1, CustomDecal><226.6389><425.3561><152~751~1003~738~1017~-11~-204~-644~0~1~0~rf_sand~0.1521739~1~0.1521739~1~0.1521739~1~0.1521739~1, CustomDecal><678.9491><148.2691><-58~441~557~294~512~29~-840~38~0~1~0~gs_goldrust~0.2826087~1~0.2826087~1~0.2826087~1~0.2826087~1, CustomDecal><261.0814><889.1075><-481~674~778~853~679~-48~-440~82~0~1~0~rf_sand~0.1195652~1~0.1195652~1~0.1195652~1~0.1195652~1, CustomDecal><917.1998><1088.758><79~356~491~640~247~-90~-1094~13~0~1~0~gs_goldrust~0.1956522~1~0.1956522~1~0.1956522~1~0.1956522~1, CustomDecal><693.9343><1093.811><-35~301~248~369~195~-135~-880~-11~0~1~0~gs_goldrust~0.25~1~0.25~1~0.25~1~0.25~1, InsectGroup><772.9372><1329.69><4~40~0~0~Moth~0.09782609, InsectGroup><593.9368><429.1897><1~40~0~0~StandardFly~0.08695652, DangleFruit><821.8795><1334.59><0~0~2~3, DangleFruit><749.8005><1298.765><0~0~2~3, DangleFruit><806.8341><1376.862><0~0~2~3, 
FadePalette: 148, 0.326087, 0.3804348
