Template: NONE
DangerType: Blizzard
CeilingDrips: 0
RainIntensity: 0.1159986
RumbleIntensity: 0.01086957
WaveSpeed: 0.4996918
WaveLength: 0.9998459
WaveAmplitude: 1.315143E-09
SecondWaveLength: 1
SecondWaveAmplitude: 0.0001
Clouds: 0.1521739
Grime: 0.1521739
Palette: 149
EffectColorA: 15
EffectColorB: 15
Effects: AboveCloudsView-0.6956522-90-121, Fog-0.326087-295-18, ZeroG-0.2826087-204-125, GRJGoldenFlakes-0.04347826-30-30, SandStorm-0-40-40, 
PlacedObjects: LightSource><503.4145><2268.069><0.173913~Environment~399~-368~104~-251.3975~1~1~None~0~0, LightSource><510.0516><1040.775><0.08695652~Environment~-230~304~-599~320.6025~1~1~None~0~0, CustomDecal><613.5392><761.1964><-203~561~540~642~491~-4~-417~87~0~1~0~GS_GoldRust~0.5326087~0.7065217~0.2282609~0.1956522~0.3043478~0.5434783~0.2826087~1, CustomDecal><-107.3973><941.3649><-129~773~1000~771~993~0~15~106~0~1~0~RF_Sand~0.2608696~0.4891304~0.2608696~0.4891304~0.2608696~0.4891304~0.2608696~0.4891304, CustomDecal><-33.98999><1043.301><-21~487~798~488~392~-233~-40~-281~0~1~0~GS_GoldRust~0.1956522~1~0.09782609~1~0.09782609~1~0.09782609~1, CustomDecal><558.3><1213.755><-646~909~668~1087~690~-306~-385~-41~0~1~0~GS_GoldRust~0.173913~0.5434783~0.2391304~0.7282609~0.2282609~0.4565217~0.173913~0.2717391, CustomDecal><13.09863><3.880737><44~745~648~584~813~-8~-97~349~0~1~0~GS_GoldRust~0.2391304~1~0.4782609~1~0.2934783~1~0.2717391~1, CustomDecal><438.0536><846.538><-50~-843~784~-839~690~-4~-531~-827.0096~0~1~0~GS_GoldRust~0.1847826~1~0.2282609~1~0.1195652~1~0.3913043~1, CustomDecal><618.6717><759.3975><-36~139~477~455~437~-2~-74~234~0~1~0~GS_GoldRust~0.3804348~1~0.1413043~1~0.1956522~1~0.1304348~1, CustomDecal><56.3689><210.6608><-88~762~1009~762~1206~-230~108~-199~0~1~0~RF_Sand~0.1521739~1~0.2065217~1~0.3804348~1~0.05434782~1, LightSource><520.8881><435.0843><0.05434782~Environment~737~296~50~86.60254~1~1~None~0~0, NoSpearStickZone><867.8931><2017.581><2~68, SnowSource><596.8992><396.2999><Radial~-541.4198~-259.8222~262.7261~-74.8197~0.4741397~0.5490603, SnowSource><545.0969><1306.056><None~533.5937~-267.6444~50~86.60254~0.2189417~0.7269247, SnowSource><595.6421><2068.472><None~446.7959~146.2222~50~86.60254~0.2189417~0.2730746, 
FadePalette: 148, 0.2608696, 0.3478261, 0.4782609
WetTerrain: OFF
MorePalette0: 0, 0.07733221, 0.09279799, 0.1159986
