CeilingDrips: 0
WaveSpeed: 0.51
WaveLength: 1
WaveAmplitude: 0.0001
SecondWaveLength: 1
SecondWaveAmplitude: 0.0001
Effects: AboveCloudsView-1-81-70, LightBurn-0.09782609-30-30, 
PlacedObjects: KarmaFlower><1757.659><717.3707><0~0~1~7, 
FadePalette: 12, 0.3152174, 0.4347826
WetTerrain: OFF
