Grime: 0.2173913
Palette: 148
EffectColorA: 9
EffectColorB: 13
Effects: ZeroG-0.06521739-26-91, AboveCloudsView-0-281-74, CloudAdjustment-0.4021739-300-14, 
PlacedObjects: LightSource><448.3885><1160.666><0.1521739~Environment~-528~463~219~57.60254~1~1~None~0~0, LightSource><757.8845><1049.102><0.07608695~Environment~26~160~50~86.60254~1~1~None~0~0, CustomDecal><-9.552002><764.5284><-234~801~1147~893~993~1~-78~229~0~1~0~rf_sand~0.1413043~0.7608696~0.1630435~0.7608696~0.25~0.7608696~0.07608695~0.7608696, CustomDecal><325.4283><-114.5905><-58~1323~407~1221~303~1~-405~204~0~1~0~rf_sand~0.2934783~0.6413044~0.1195652~0.6413044~0.2934783~0.6413044~0.08695652~0.6413044, LightSource><475.0942><616.3746><0.07608695~Environment~-127~256~188~-125.3975~1~1~None~0~0, CustomDecal><292.4819><1290.199><-274~180~522~182~521~-42~-120~-233~0.25~0.3913043~0~blackrust1~0.7065217~0.8913044~0.4565217~0.8913044~0.5652174~0.8913044~0.3369565~0.8913044, 
FadePalette: 149, 0.3043478, 0.2065217
