DangerType: None
Clouds: 0.04347826
Grime: 0.1195652
RandomItemDensity: 0
RandomItemSpearChance: 0
Palette: 149
Effects: AboveCloudsView-1-20-20, GRJGoldenFlakes-0.08695652-30-30, LightBurn-0.08695652-40-40, 
PlacedObjects: TradeOutpost><507.1354><261.9139><-5~136, LanternOnStick><647.1354><332.1027><-17~-121, LanternOnStick><583.1667><275.1395><19~-83, CustomDecal><357.9116><277.9294><-70~96~164~113~70~-9~-721~-137~0.8695652~1~0~alt scav wedges2~0.5760869~0~0.5760869~0~0.5760869~0~0.5760869~0, CustomDecal><793.8009><269.7693><-85~120~139~130~62~5~-1200~-90~0.09782609~0.3369565~0~alt scav wedges2~1~0~1~0~1~0~1~0, CustomDecal><342.6984><-16.47499><-61~638~438~644~276~-215~-735~151~0~1~0~gs_goldrust~0.2065217~1~0.2065217~1~0.2065217~1~0.2065217~1, CustomDecal><-258.8594><126.3326><-204~669~895~703~851~19~-89.99997~136~0~1~0~rf_sand~0.1630435~1~0.1630435~1~0.1630435~1~0.1630435~1, CustomDecal><701.5529><293.4664><-271~271~472~703~406~-104~-1066~-60.99997~0~1~0~rf_sand~0.173913~1~0.173913~1~0.173913~1~0.173913~1, InsectGroup><493.9396><240.9362><0~100~0~0~Moth~0.08695649, LightSource><521.1824><372.3322><0.1195652~Environment~-281~41~50~86.60254~1~1~None~0~0, 
FadePalette: 148, 0.1956522
