Clouds: 0.1413043
Grime: 0.2282609
AmbientSounds: OMNI><msc-ritualmetal.ogg><728.3798><314.3401><0.1086956><1.313043, OMNI><am_win-medwind.ogg><727.4406><520.6893><0><1, OMNI><am_win-howlingwnd.ogg><724.3997><536.3673><0.3804348><1.176087, 
