Template: GS_SettingsTemplate_Inside
RainIntensity: 0.1413043
RumbleIntensity: 0.1521739
Clouds: 0.4988858
Grime: 0.06521739
FadePalette: 149, 0.1956522
