RainIntensity: 0.326087
RumbleIntensity: 0.326087
Clouds: 0.2173913
Grime: 0.2065217
FadePalette: 107, 0.6847826
