Template: NONE
DangerType: Blizzard
CeilingDrips: 0
RainIntensity: 0.07608695
RumbleIntensity: 0.06521739
WaveSpeed: 0.4998713
WaveLength: 0.9999357
WaveAmplitude: 0.000259167
SecondWaveLength: 1
SecondWaveAmplitude: 0.0001
Grime: 0.09782609
Palette: 148
Effects: LightBurn-0.05434782-20-20, GRJGoldenFlakes-0.1413043-24-89, ZeroG-0.1086956-295-16, SandStorm-0-30-30, 
PlacedObjects: CustomDecal><-166.924><1073.401><-39~636~1355~611~1365~-111~-8~142~0~1~0~RF_Sand~0.1304348~1~0.4673913~1~0.1847826~1~0.173913~1, CustomDecal><-5.767456><50.30078><563~765~1365~681~1350~-3~591~-73~0~1~0.2717391~RF_Sand~0.2391304~1~0.3043478~1~0.2282609~1~0.1195652~1, CustomDecal><-197.0721><329.6587><4~1194~850~1101~422~-12~-28~27~0~1~0.3695652~RF_Sand~0.1956522~1~0.2173913~1~0.1956522~1~0.1956522~1, LightSource><94.84851><779.3806><0.2173913~Environment~1002~747~50~86.60254~1~1~None~0~0, LightSource><576.3316><382.8579><0.2173913~Environment~225~168~-310~-12.39746~1~1~None~0~0, CustomDecal><-85.77454><133.9485><-110~759~802~763~1350~-243~-141~198~0~1~0~RF_Sand~0.2717392~0.4347826~0.04347826~0.4347826~0.2173913~0.4347826~0.1956522~0.4347826, CustomDecal><-42.77148><12.05115><-560~775~1129~776~886~-140~-177~297~0~1~0~GS_GoldRust~0.423913~1~0.3804348~1~0.3695652~1~0.1956522~1, LightSource><382.3491><522.3687><0.2065217~Environment~273~-84~-346~52.60254~1~1~None~0~0, CustomDecal><425.8871><1026.139><-67~581~657~583~718~-194~-401~-75~0~1~0~GS_GoldRust~0.3152174~0.7282609~0~0.7282609~0.3369565~0.7282609~0.3695652~0.7282609, SnowSource><356.1367><791.0852><None~706~-768~-79~-198.3974~0.25~0.4565217, 
FadePalette: 149, 0.1304348, 0.1086956
WetTerrain: OFF
MorePalette0: 30, 0.09782609, 0.1195652
MorePalette1: 0, 0.04347826, 0.07608695
