Clouds: 0.3152174
Grime: 0
Palette: 148
EffectColorA: 9
Effects: ZeroG-0.4130435-20-20, LightBurn-0.3695652-30-30, 
FadePalette: 149, 0.6086956
