Clouds: 0.3478261
Grime: 0
Palette: 148
Effects: LightBurn-1-20-20, 
PlacedObjects: LightSource><490.6749><344.153><0.1413043~Environment~-226~100~-267~-447.3975~1~1, LightSource><1002.378><-45.40332><0.1195652~Environment~-30~327~50~86.60254~1~1, LightSource><-22.33398><-21.68152><0.06521739~Environment~116~224~179~-75.39746~1~1, CustomDecal><371.6678><244.0676><-2~246~255~249~238~-73~-764~-72~0~1~0~GS_GoldRust~0.2282609~1~0.2282609~1~0.2282609~1~0.2282609~1, CustomDecal><155.6215><255.3467><-70~264~233~265~259~-15~347~-599~0~1~0~RF_Sand~0.2391304~1~0.2391304~1~0.2391304~1~0.2391304~1, CustomDecal><376.2635><95.80045><-57~251~252~247~267~-35~170~-442~0~1~0~RF_Sand~0.2173913~1~0.2173913~1~0.2173913~1~0.2173913~1, CustomDecal><652.6962><258.0574><-69~318~371~275~280~-55~-355~-602~0~1~0~RF_Sand~0.1847826~1~0.1847826~1~0.1847826~1~0.1847826~1, CustomDecal><-208.45><121.4957><-27~-259~385~-275~479~49~0~0~0~1~0~RF_Sand~0.2608696~1~0.2608696~1~0.2608696~1~0.2608696~1, CustomDecal><654.053><-55.05716><-82~96~480~237~581~-24~-407~-56~0~1~0~RF_Sand~0.1304348~1~0.1304348~1~0.1304348~1~0.1304348~1, 
FadePalette: 149, 0.2173913
